[60, 43804, 29199, 56021, 1286, 6150, 11865, 2860, 2769, 7532, 9, 47165, 59939, 87607, 297, 18568, 2719, 206461, 121168, 24497, 4845, 7799, 5, 251, 1920, 6803, 0, 107, 318, 8, 60, 0, 4311]
[52004, 2, 82, 256, 8256, 6, 6, 1, 10028, 188, 0, 6674, 70, 60, 11680, 6, 0, 16387, 1778, 291, 5723, 224, 1, 0, 139, 0, 979, 234, 351, 208, 71, 0, 0]
[59095, 2, 1590, 15, 24107, 0, 0, 24461, 33755, 0, 8, 4597, 9, 125, 47239, 0, 6, 7755, 22, 5379, 15176, 0, 0, 0, 0, 0, 4982, 1519, 1875, 865, 169, 0, 0]
[38221, 0, 0, 0, 78737, 0, 12, 112, 24928, 211, 2, 0, 360, 2, 59610, 0, 78, 6227, 163, 0, 5516, 302, 4, 0, 59, 0, 2556, 796, 1191, 436, 54, 0, 0]
[41234, 6179, 31209, 10139, 5963, 3581, 10405, 1325, 2124, 5901, 1, 24251, 59793, 113918, 3316, 8003, 1581, 61911, 132103, 18345, 1102, 6106, 2, 7394, 444, 4041, 7968, 1154, 337, 1142, 19, 0, 2240]
[7176, 0, 0, 0, 5247, 3, 5, 4, 15111, 0, 0, 4080, 0, 0, 6021, 0, 0, 6060, 2, 38, 3659, 0, 0, 0, 0, 0, 373, 108, 314, 136, 27, 0, 0]
[24753, 1, 0, 11, 3972, 0, 0, 4, 5876, 0, 0, 1923, 445, 1791, 7477, 0, 0, 10859, 6, 4, 13687, 0, 0, 0, 1, 52, 3049, 186, 539, 395, 66, 349, 0]
[14852, 0, 0, 0, 7690, 0, 0, 0, 7579, 0, 0, 0, 5, 0, 6420, 0, 0, 3, 0, 4, 5018, 0, 0, 0, 0, 0, 1513, 207, 211, 241, 83, 0, 0]
[22111, 5768, 27450, 13161, 19039, 9403, 9525, 110, 9, 2563, 4, 24938, 13814, 43564, 14205, 4353, 2580, 15351, 20327, 16416, 401, 6842, 1, 237, 6, 24042, 3106, 6229, 0, 2626, 1, 0, 1474]
[13224, 0, 0, 0, 7167, 0, 0, 0, 1376, 0, 0, 0, 0, 0, 2814, 0, 0, 0, 0, 0, 3577, 0, 0, 0, 0, 2, 1869, 373, 95, 265, 51, 0, 0]
[20, 0, 0, 0, 13, 0, 0, 0, 39, 0, 0, 1, 2, 0, 3, 0, 0, 4, 4, 0, 5, 0, 0, 0, 3, 0, 3, 0, 0, 0, 0, 0, 0]
[65896, 1378, 3045, 3126, 32996, 1090, 2378, 290, 28710, 132, 1, 25160, 3014, 82, 25794, 1354, 540, 52, 1712, 4183, 6758, 2646, 0, 0, 0, 779, 6674, 1158, 771, 1176, 122, 0, 0]
[31313, 14552, 1, 0, 23516, 0, 0, 0, 17110, 0, 0, 0, 11, 388, 88693, 18313, 0, 0, 0, 2, 6333, 0, 0, 0, 1, 0, 2281, 525, 487, 363, 29, 0, 0]
[40090, 0, 30390, 46617, 22035, 6590, 12719, 1456, 13682, 2498, 2, 2820, 2796, 700, 13814, 0, 2222, 3245, 12794, 46550, 3140, 4701, 0, 0, 252, 2934, 5863, 1011, 649, 899, 96, 0, 0]
[1335, 9355, 11923, 4545, 605, 2829, 5328, 1247, 513, 3490, 3, 28589, 15329, 58768, 261, 6403, 2123, 46932, 130959, 12641, 20, 2959, 4, 617, 1075, 2027, 106, 22, 139, 22, 0, 0, 833]
[26707, 0, 180, 0, 23697, 0, 0, 0, 13236, 0, 0, 8607, 0, 76, 14124, 9, 0, 16236, 404, 1796, 8695, 0, 0, 0, 3, 0, 1366, 293, 275, 346, 97, 0, 0]
[1, 0, 0, 0, 0, 0, 0, 0, 0, 0, 0, 0, 0, 0, 0, 0, 0, 0, 0, 0, 18613, 0, 0, 0, 0, 0, 0, 0, 0, 0, 0, 0, 0]
[114735, 4482, 8274, 8652, 126556, 992, 5184, 27, 40015, 547, 5, 12039, 8561, 9273, 38887, 2545, 1004, 26125, 12199, 13389, 10184, 2639, 1, 4, 5, 942, 33637, 10117, 37414, 1081, 108, 0, 0]
[29656, 2349, 23543, 625, 79297, 3107, 3069, 1714, 14821, 154, 6, 3981, 6469, 834, 17415, 15039, 3047, 685, 9, 44087, 10279, 1829, 1, 0, 162, 209, 2127, 395, 291, 329, 85, 0, 0]
[57333, 4, 6, 8, 55307, 12, 2, 2, 32409, 0, 0, 37, 89, 9, 19494, 4, 0, 34609, 25, 6, 10856, 4, 1, 0, 0, 7, 8279, 1277, 1169, 1250, 218, 0, 0]
[8889, 4644, 7369, 5726, 19092, 1535, 2791, 82, 11158, 3173, 0, 15754, 7204, 9544, 336, 3231, 414, 16211, 8017, 6186, 8, 614, 1, 173, 1539, 1977, 622, 1403, 605, 68, 0, 0, 1606]
[12798, 0, 0, 2, 12441, 0, 0, 0, 12605, 0, 0, 0, 0, 2, 5750, 0, 0, 0, 0, 0, 726, 0, 0, 0, 0, 0, 972, 331, 467, 139, 0, 0, 0]
[20, 0, 0, 0, 12, 0, 0, 2, 6, 0, 0, 0, 0, 0, 2, 0, 0, 0, 2, 2, 0, 0, 0, 0, 0, 0, 0, 0, 0, 0, 0, 0, 0]
[617, 0, 1264, 0, 355, 52, 0, 268, 1688, 0, 0, 0, 6, 0, 305, 1974, 8, 0, 0, 1955, 232, 2, 2, 0, 2, 0, 45, 4, 18, 15, 0, 0, 0]
[1880, 0, 1, 0, 1945, 0, 0, 0, 16, 0, 0, 0, 0, 0, 472, 0, 0, 2, 8, 2, 839, 0, 0, 0, 0, 1, 221, 533, 0, 104, 15, 0, 0]
[30590, 6, 1947, 7, 27, 1, 666, 2, 85, 0, 0, 8, 294, 952, 4171, 60, 246, 1, 1, 4, 2196, 0, 0, 0, 0, 5, 5308, 1, 0, 740, 9, 0, 0]
[1, 7993, 531, 58, 25, 160, 115, 0, 43, 51, 0, 215, 375, 24159, 0, 59, 36, 18805, 24991, 506, 41, 40, 0, 8, 4, 27, 0, 0, 0, 0, 0, 0, 31]
[102, 36, 148, 95, 92, 43, 158, 0, 13, 88, 0, 231, 311, 3817, 4, 78, 13, 3194, 2041, 347, 16, 46, 0, 14, 4, 22, 0, 0, 0, 0, 0, 0, 27]
[41599, 93, 289, 342, 415, 203, 179, 0, 0, 30, 0, 173, 182, 533, 199, 93, 143, 673, 1077, 359, 0, 88, 0, 0, 0, 41, 0, 0, 0, 0, 0, 0, 8]
[0, 47, 82, 65, 0, 90, 319, 0, 12, 53, 0, 239, 185, 2328, 0, 129, 35, 304, 128, 150, 0, 31, 0, 23, 11, 4, 0, 0, 0, 0, 0, 0, 0]
[134, 67, 53, 68, 159, 9, 6, 2, 0, 18, 0, 139, 97, 183, 45, 43, 0, 135, 163, 54, 0, 4, 0, 0, 48, 20, 0, 0, 0, 0, 0, 0, 0]
[0, 0, 0, 0, 236, 0, 0, 0, 65, 0, 0, 0, 0, 0, 0, 0, 0, 0, 0, 0, 0, 0, 0, 0, 0, 0, 0, 17, 31, 0, 0, 0, 0]
[5121, 0, 0, 0, 1554, 0, 0, 0, 958, 0, 0, 0, 0, 0, 1146, 0, 0, 0, 0, 0, 278, 0, 0, 0, 0, 0, 950, 221, 179, 140, 0, 0, 0]
